1.000000000000000000e+00 6.100000000000000000e+01 2.663328170776367188e+00 1.099700000000000000e+04
1.000000000000000000e+00 6.300000000000000000e+01 1.485548496246337891e+00 1.110900000000000000e+04
2.000000000000000000e+00 6.100000000000000000e+01 3.876097202301025391e-01 1.112000000000000000e+04
2.000000000000000000e+00 6.300000000000000000e+01 3.285475671291351318e-01 1.109300000000000000e+04
1.500000000000000000e+01 6.100000000000000000e+01 2.153922557830810547e+00 1.067000000000000000e+04
1.500000000000000000e+01 6.300000000000000000e+01 1.892268061637878418e+00 1.072200000000000000e+04
1.600000000000000000e+01 6.100000000000000000e+01 7.461391091346740723e-01 1.096500000000000000e+04
1.600000000000000000e+01 6.300000000000000000e+01 1.608541846275329590e+00 1.068600000000000000e+04
2.200000000000000000e+01 6.100000000000000000e+01 2.084483146667480469e+00 1.037100000000000000e+04
2.200000000000000000e+01 6.300000000000000000e+01 2.606053113937377930e+00 1.035200000000000000e+04
2.300000000000000000e+01 6.100000000000000000e+01 1.367379307746887207e+00 1.032300000000000000e+04
2.300000000000000000e+01 6.300000000000000000e+01 6.623163223266601562e-01 1.040700000000000000e+04
3.100000000000000000e+01 6.100000000000000000e+01 9.220158457756042480e-01 1.011000000000000000e+04
3.100000000000000000e+01 6.300000000000000000e+01 2.088773012161254883e+00 1.007200000000000000e+04
3.300000000000000000e+01 6.100000000000000000e+01 4.069047272205352783e-01 1.042700000000000000e+04
3.300000000000000000e+01 6.300000000000000000e+01 1.751937866210937500e-01 1.054300000000000000e+04
4.100000000000000000e+01 6.100000000000000000e+01 3.396037101745605469e+00 9.880000000000000000e+03
4.100000000000000000e+01 6.300000000000000000e+01 8.555907607078552246e-01 1.007500000000000000e+04
5.200000000000000000e+01 6.100000000000000000e+01 1.922908574342727661e-01 1.006800000000000000e+04
5.200000000000000000e+01 6.300000000000000000e+01 1.161808609962463379e+00 1.009500000000000000e+04
6.900000000000000000e+01 6.100000000000000000e+01 1.466883659362792969e+00 1.001400000000000000e+04
6.900000000000000000e+01 6.300000000000000000e+01 1.629305034875869751e-01 9.919000000000000000e+03
7.000000000000000000e+00 6.100000000000000000e+01 8.149606585502624512e-01 1.076760164611829714e+04
1.100000000000000000e+01 6.100000000000000000e+01 2.406163066625595093e-01 1.150480597928996940e+04
1.400000000000000000e+01 6.300000000000000000e+01 5.107673406600952148e-01 1.071569034711581298e+04
2.400000000000000000e+01 6.300000000000000000e+01 7.458424568176269531e-01 1.066860164611829714e+04
2.600000000000000000e+01 6.200000000000000000e+01 2.092448621988296509e-01 1.086035052378101136e+04
3.200000000000000000e+01 6.100000000000000000e+01 4.607691168785095215e-01 1.019869034711581298e+04
3.500000000000000000e+01 6.300000000000000000e+01 1.188209533691406250e+00 1.056081021377569778e+04
3.900000000000000000e+01 6.300000000000000000e+01 9.809796810150146484e-01 1.129274122447224909e+04
4.200000000000000000e+01 6.300000000000000000e+01 1.007778793573379517e-01 1.068580168389372193e+04
4.300000000000000000e+01 6.100000000000000000e+01 4.587604701519012451e-01 1.015269034711581298e+04
4.400000000000000000e+01 6.100000000000000000e+01 1.269092082977294922e+00 1.062081021377569778e+04
